R = 1 / (4*pi*10*(10^-6)*(60));
R
2*R